Month Number,Month,New Cases,Total Cases,New Deaths,Total Deaths,New Vaccinations,Total Vaccinations
0,March,13,13,0,0,0,0
1,April,4,17,0,0,0,0
2,May,1,18,0,0,0,0
3,June,1,19,0,0,0,0
4,July,6,25,0,0,0,0
5,August,1,26,0,0,0,0
6,September,1,27,0,0,0,0
7,October,51,78,0,0,0,0
8,November,181,259,2,2,0,0
9,December,94,353,3,5,0,0
10,January,842,1195,8,13,0,0
11,February,2195,3390,22,35,1572,1572
12,March,476,3866,22,57,17844,19416
